01052559793
01052554650
01052538808
01052528131
01052519963
01052517196
01052512009
01052505370
01052497194
01052484748
01052478738
01052478131
01052475113
01052466668
01052458430
01052455093
01052454517
01052452614
01052436583
01052426854
01052414068
01052401872
01052358004
01052355298
01052348397
01052342110
01052341431
01052338318
01052334625
01052330251
01052298342
01052293654
01052274974
01052272441
01052247911
01052229057
01052221645
01052211362
01052201164
01052200422
01052193746
01052174953
01052148846
01052144024
01052143795
01052128756
01052116613
01052114217
01052109392
01052109261
01052101921
01052096327
01052092381
01052086470
01052083403
01052080436
01052066134
01052059806
01052056338
01052054228
01052053064
01052044586
01052043385
01052043375
01052035398
01052014524
01051995666
01051990615
01051990212
01051989093
01051985492
01051984426
01051981233
01051972523
01051971042
01051952684
01051951219
01051950830
01051950788
01051937977
01051932083
01051931570
01051911622
01051906002
01051901357
01051898119
01051883157
01051879926
01051861171
01051858030
01051842185
01051832537
01051822447
01051819088
01051810985
01051810079
01051806895
01051806181
01051783536
01051779756
01051779046
01051777685
01051757498
01051750837
01051740134
01051731006
01051718141
01051714664
01051702533
01051701102
01051699720
01051694531
01051690103
01051688506
01051670404
01051669815
01051668890
01051654466
01051625952
01051625886
01051620412
01051619873
01051616080
01051603910
01051603386
01051596350
01051590410
01051585020
01051578573
01051563417
01051560182
01051559965
01051555960
01051555072
01051546664
01051542965
01051540831
01051528880
01051520358
01051500663
01051486653
01051481239
01051475849
01051474683
01051473117
01051458448
01051458026
01051448662
01051447441
01051446325
01051445805
01051440999
01051440245
01051436157
01051432783
01051421541
01051413884
01051412459
01051411194
01051407212
01051403744
01051402635
01051396097
01051385718
01051385321
01051380253
01051373663
01051371986
01051360102
01051356309
01051353921
01051348969
01051334265
01051333664
01051330797
01051319168
01051314304
01051301483
01051301232
01051299007
01051291511
01051278200
01051265004
01051263320
01051261377
01051257097
01051252570
01051245351
01051233101
01051232484
01051230590
01051226611
01051221879
01051221677
01051221470
01051218336
01051217373
01051210314
01051204036
01051202721
01051201994
01051201054
01051199381
01051198876
01051196980
01051190726
01051186742
01051185547
01051185159
01051183503
01051182435
01051180416
01051177328
01051176229
01051161654
01051161633
01051157363
01051152279
01051152207
01051151568
01051145607
01051138910
01051137704
01051136548
01051135650
01051123894
01051122664
01051108389
01051106804
01051097590
01051096984
01051096323
01051085543
01051079674
01051078916
01051068823
01051066562
01051063609
01051061080
01051052306
01051048668
01051034417
01051034121
01051029511
01051025782
01051024424
01051016007
01051014768
01051014615
01051009062
01051003393
01051003226
01051001748
01050999302
01050998982
01050995072
01050992846
01050987105
01050986940
01050963035
01050959507
01050957953
01050957509
01050948279
01050947436
01050946444
01050945041
01050944873
01050940013
01050931981
01050925883
01050924180
01050919644
01050914743
01050912917
01050903816
01050903139
01050892351
01050776145
01050695879
01050692627
01050691436
01050688889
01050687526
01050680317
01050672787
01050668398
01050666919
01050665556
01050663381
01050654995
01050654251
01050649199
01050645761
01050643535
01050640982
01050637714
01050633940
01050629378
01050628319
01050624284
01050624147
01050622783
01050616240
01050615648
01050612024
01050603033
01050593806
01050592847
01050590060
01050587971
01050586779
01050586017
01050579967
01050577262
01050576247
01050570789
01050564499
01050561803
01050557399
01050553903
01050553147
01050538070
01050536734
01050530172
01050528573
01050518686
01050517261
01050511400
01050506708
01050505080
01050504568
01050502525
01050502268
01050500906
01050498602
01050494500
01050491079
01050490865
01050490291
01050485811
01050484144
01050483960
01050483069
01050478119
01050476804
01050473544
01050468444
01050465498
01050464926
01050461463
01050457274
01050456127
01050455287
01050453578
01050443265
01050441953
01050441224
01050440529
01050439972
01050439098
01050424332
01050413685
01050403352
01050401608
01050401260
01050400944
01050400501
01050399944
01050396328
01050392511
01050392464
01050386096
01050385358
01050384931
01050383954
01050383925
01050376025
01050369753
01050365853
01050362386
01050357082
01050356145
01050351346
01050349907
01050343685
01050341247
01050334188
01050332782
01050331243
01050330801
01050327982
01050317009
01050311677
01050305749
01050303695
01050303498
01050302070
01050296945
01050294630
01050286338
01050283962
01050282401
01050279103
01050273125
01050272595
01050263316
01050259537
01050258187
01050257706
01050257059
01050252637
01050252282
01050246559
01050245464
01050244137
01050243209
01050239875
01050235413
01050227342
01050226940
01050225599
01050216440
01050211430
01050211130
01050204646
01050199862
01050196773
01050195828
01050191893
01050185094
01050184694
01050183640
01050179727
01050172728
01050172223
01050171117
01050170444
01050167525
01050165696
01050165564
01050164488
01050160808
01050159721
01050157760
01050154570
01050146035
01050130631
01050124435
01050124138
01050121720
01050118970
01050118955
01050118836
01050117244
01050116120
01050098828
01050098396
01050096426
01050091295
01050084980
01050080627
01050077922
01050076191
01050075991
01050072523
01050071302
01050070571
01050066179
01050062273
01050061011
01050060606
01050059645
01050056364
01050049622
01050046516
01050045813
01050044433
01050036239
01050035524
01050029608
01050025701
01050025351
01050019716
01050015155
01050015053
01050011840
01050005989
01050004712
01050003608
01049998765
01049997765
01049994993
01049994509
01049991446
01049990292
01049989671
01049988881
01049988125
01049983371
01049973572
01049966978
01049964558
01049962820
01049960782
01049946711
01049943388
01049942004
01049941232
01049928216
01049925595
01049913418
01049851121
01049850035
01049837667
01049836340
01049830941
01049817325
01049813525
01049799957
01049799548
01049795892
01049792842
01049790704
01049778943
01049778128
01049777706
01049729885
01049726554
01049723627
01049723608
01049722693
01049722410
01049720807
01049720427
01049687806
01049686574
01049682385
01049682222
01049678069
01049678010
01049674937
01049668833
01049666264
01049664921
01049660800
01049656244
01049654543
01049653698
01049653488
01049653476
01049651652
01049645286
01049644912
01049643661
01049643484
01049641456
01049639781
01049636963
01049636749
01049630303
01049559639
01049557804
01049550314
01049545554
01049544733
01049544413
01049539917
01049539664
01049539031
01049536378
01049535720
01049534157
01049534111
01049533691
01049529931
01049529649
01049521630
01049518904
01049517752
01049516828
01049511483
01049510657
01049510132
01049501713
01049492245
01049491436
01049486284
01049480623
01049475522
01049474948
01049459965
01049459879
01049454307
01049450826
01049446159
01049444504
01049440173
01049439565
01049435599
01049433716
01049431172
01049426997
01049426956
01049423735
01049420124
01049418684
01049410374
01049405918
01049402446
01049398437
01049397267
01049393528
01049391375
01049389032
01049388312
01049386470
01049385909
01049382135
01049376614
01049371748
01049369954
01049363378
01049356552
01049352968
01049347770
01049340666
01049335146
01049329484
01049328766
01049322975
01049322761
01049322420
01049317390
01049316395
01049316090
01049311283
01049305967
01049299382
01049297894
01049292235
01049287239
01049286974
01049285878
01049284192
01049281610
01049275699
01049274729
01049273211
01049270808
01049263335
01049261926
01049256607
01049252302
01049248028
01049247443
01049243339
01049235740
01049231503
01049229264
01049228868
01049224701
01049223213
01049218510
01049217466
01049214055
01049206969
01049202653
01049201909
01049200178
01049198222
01049198057
01049194914
01049193946
01049193210
01049192518
01049191457
01049188623
01049186807
01049182880
01049180175
01049180090
01049178047
01049177753
01049173979
01049173356
01049172270
01049159309
01049147385
01049145983
01049139444
01049134312
01049133012
01049131075
01049127237
01049125406
01049120629
01049113618
01049106348
01049105063
01049101573
01049100203
01049099544
01049096100
01049092849
01049092003
01049089313
01049087172
01049086659
01049086405
01049080162
01049077363
01049070590
01049070128
01049066823
01049061818
01049061153
01049058696
01049046653
01049036674
01049034776
01049026674
01049025235
01049023994
01049015866
01049015492
01049012778
01049011414
01049008681
01049007538
01049006184
01048999136
01048993448
01048991788
01048991340
01048984267
01048980227
01048978458
01048965215
01048960398
01048959104
01048958031
01048956265
01048951098
01048950195
01048946492
01048941373
01048936334
01048934873
01048930898
01048929827
01048922467
01048917642
01048916669
01048915912
01048912221
01048911559
01048902790
01048898671
01048897650
01048894659
01048891452
01048890518
01048887285
01048885474
01048884004
01048881668
01048866063
01048860632
01048850083
01048848675
01048844828
01048840506
01048833855
01048831373
01048829371
01048828918
01048820339
01048819026
01048818848
01048818605
01048816280
01048814860
01048811285
01048810621
01048802109
01048797083
01048792128
01048788587
01048776603
01048775604
01048771846
01048763454
01048761155
01048760499
01048757799
01048756347
01048755163
01048747121
01048747058
01048736642
01048731592
01048729615
01048728647
01048725997
01048709324
01048706943
01048704308
01048699497
01048698394
01048693475
01048688466
01048685946
01048677872
01048664262
01048661008
01048655912
01048654696
01048650883
01048649541
01048648982
01048619652
01048618021
01048613285
01048606597
01048597798
01048596474
01048585448
01048582690
01048581541
01048579316
01048579123
01048563908
01048561944
01048557643
01048550362
01048544920
01048542480
01048533717
01048523086
01048522106
01048518733
01048516774
01048502388
01048497730
01048495380
01048488666
01048474584
01048469721
01048465713
01048458974
01048458569
01048456483
01048447998
01048436386
01048433459
01048428512
01048424679
01048424414
01048418415
01048417728
01048415542
01048412070
01048388866
01048384630
01048375132
01048354785
01048353036
01048338288
01048334639
01048323432
01048322493
01048321226
01048319810
01048310896
01048310684
01048310232
01048306279
01048300953
01048294043
01048293456
01048283663
01048280997
01048279569
01048278874
01048269283
01048266055
01048265228
01048259152
01048258835
01048258274
01048243310
01048240396
01048236969
01048234543
01048230661
01048228856
01048223078
01048220390
01048216363
01048212881
01048210070
01048210053
01048202700
01048202406
01048199578
01048183586
01048182505
01048175493
01048175339
01048173583
01048172523
01048169411
01048164299
01048162841
01048161978
01048161441
01048158955
01048154919
01048150777
01048145334
01048144670
01048141463
01048141313
01048135983
01048135453
01048130807
01048119808
01048118929
01048116372
01048110572
01048106548
01048099069
01048094009
01048092833
01048091879
01048085231
01048077796
01048073120
01048073000
01048067275
01048060301
01048057015
01048050819
01048048522
01048043000
01048035592
01048025961
01048013446
01048010060
01048007476
01048003486
01048001816
01048000623
01047995658
01047993919
01047991926
01047989928
01047988910
01047986949
01047985217
01047983925
01047982384
01047977199
01047970275
01047969965
01047966355
01047964163
01047960111
01047946101
01047941771
01047939166
01047931592
01047930108
01047904730
01047904388
01047903179
01047900299
01047888257
01047884956
01047882384
01047873158
01047870890
01047865234
01047857368
01047854841
01047854008
01047852340
01047849731
01047831533
01047827371
01047824529
01047818839
01047816954
01047793947
01047793252
01047793224
01047765777
01047764878
01047761225
01047756447
01047753433
01047752604
01047727025
01047726123
01047699740
01047697555
01047696335
01047692104
01047691949
01047689947
01047681459
01047676992
01047675973
01047674934
01047673082
01047665002
01047656435
01047649282
01047646117
01047640911
01047623145
01047622829
01047608642
01047608001
01047602623
01047601097
01047591123
01047590081
01047585300
01047582295
01047579318
01047578195
01047577913
01047577472
01047576750
01047573304
01047572547
01047570058
01047569523
01047565171
01047563790
01047561983
01047549776
01047544290
01047543312
01047530407
01047528002
01047526177
01047525079
01047521757
01047518781
01047510790
01047499417
01047491818
01047486958
01047485457
01047484361
01047483232
01047482024
01047470721
01047468341
01047462576
01047453787
01047439830
01047438045
01047436950
01047431103
01047425014
01047421541
01047421178
01047420930
01047409991
01047408480
01047402235
01047398791
01047393587
01047386463
01047382945
01047381438
01047379094
01047376838
01047370725
01047370265
01047370053
01047368350
01047363542
01047361298
01047360255
01047358953
01047356465
01047355597
01047355558
01047354661
01047351083
01047350745
01047348801
01047346731
01047343863
01047340533
01047336529
01047331661
01047330553
01047328859
01047324270
01047319992
01047318703
01047309437
01047303893
01047285322
01047280402
01047277370
01047273392
01047265168
01047231140
01047228133
01047226887
01047224501
01047218144
01047211970
01047201423
01047199311
01047191034
01047189771
01047189105
01047188680
01047182175
01047173140
01047169215
01047161580
01047160858
01047160110
01047159447
01047155418
01047154954
01047148665
01047145568
01047129644
01047125789
01047117454
01047108342
01047105541
01047105261
01047098657
01047096857
01047095074
01047094261
01047093047
01047091284
01047090467
01047082921
01047078139
01047075291
01047060766
01047059258
01047043179
01047041211
01047040645
01047032708
01047032415
01047026157
01047025571
01047020112
01047016131
01047012504
01047010243
01047010120
01046996354
01046990916
01046986140
01046972473
01046959886
01046959829
01046952304
01046947352
01046941186
01046940933
01046938952
01046938198
01046935213
01046932434
01046925973
01046922591
01046921386
01046916034
01046907241
01046885148
01046882682
01046872693
01046869433
01046869197
01046846100
01046841200
01046838274
01046834333
01046828775
01046828293
01046828207
01046826672
01046822442
01046821574
01046813188
01046811802
01046799997
01046798826
01046798545
01046795011
01046789040
01046787878
01046781500
01046778302
01046767640
01046765394
01046764982
01046764782
01046761771
01046758232
01046757483
01046756225
01046755792
01046755245
01046751096
01046747189
01046746651
01046743123
01046718145
01046715541
01046715081
01046706411
01046705129
01046704071
01046702354
01046701330
01046699244
01046688881
01046687645
01046687616
01046687135
01046685421
01046684552
01046683617
01046682617
01046681850
01046681545
01046677610
01046677007
01046674385
01046674325
01046674181
01046673895
01046673595
01046673099
01046672924
01046672693
01046671512
01046671421
01046671258
01046670695
01046670001
01046666730
01046666226
01046664470
01046661676
01046661237
01046656476
01046650761
01046650276
01046649148
01046643799
01046641813
01046640908
01046635327
01046624761
01046624261
01046623367
01046611312
01046610180
01046609426
01046606436
01046605016
01046604681
01046601723
01046601564
01046587229
01046584065
01046581504
01046577175
01046570098
01046567962
01046560420
01046558593
01046556421
01046548262
01046547734
01046545882
01046543338
01046542055
01046538262
01046527979
01046521716
01046519505
01046517435
01046513594
01046507450
01046506615
01046501751
01046500537
01046497907
01046491786
01046490424
01046486133
01046480927
01046480550
01046480301
01046479287
01046478540
01046476525
01046475537
01046475511
01046474928
01046471312
01046467579
01046465618
01046461454
01046451206
01046450927
01046441150
01046428184
01046427789
01046425555
01046419413
01046418046
01046417165
01046416840
01046410229
01046409503
01046408320
01046368671
01046349258
01046348552
01046345491
01046339100
01046338296
01046335899
01046334821
01046330851
01046322103
01046320661
01046316430
01046315441
01046313110
01046313080
01046311689
01046308986
01046294707
01046292393
01046286761
01046284404
01046268892
01046260704
01046248298
01046242185
01046241183
01046232864
01046229196
01046215073
01046213743
01046211986
01046208105
01046206312
01046205713
01046205078
01046202667
01046201505
01046198174
01046191773
01046187201
01046183050
01046182174
01046179071
01046178944
01046176074
01046174964
01046172688
01046171653
01046167930
01046165651
01046160645
01046159767
01046154139
01046151818
01046149157
01046145416
01046141508
01046123841
01046118103
01046114803
01046105383
01046102886
01046100909
01046097465
01046091541
01046091045
01046089165
01046085915
01046083323
01046073051
01046072358
01046068288
01046066383
01046057125
01046053950
01046051919
01046048720
01046042714
01046031380
01046030752
01046028207
01046026723
01046022981
01046020752
01046009742
01046009121
01046004419
01046003551
01046000403
01045995481
01045994595
01045966146
01045962992
01045953789
01045951772
01045947959
01045947730
01045946827
01045946003
01045944071
01045938465
01045935874
01045927657
01045923466
01045910365
01045910010
01045908125
01045907837
01045901196
01045900014
01045898242
01045895604
01045894815
01045881166
01045865808
01045864066
01045859164
01045856421
01045851062
01045850767
01045839247
01045838741
01045826653
01045825566
01045805475
01045802570
01045800510
01045796153
01045787676
01045787335
01045785882
01045775565
01045767133
01045764934
01045764441
01045763705
01045755047
01045734449
01045732499
01045731659
01045727110
01045723078
01045702316
01045695093
01045694503
01045692006
01045690073
01045689213
01045669177
01045662734
01045658605
01045656668
01045656541
01045654784
01045651679
01045649992
01045647460
01045647404
01045637260
01045632366
01045631865
01045628496
01045627133
01045618473
01045611160
01045609888
01045605852
01045604230
01045564949
01045556722
01045555051
01045554811
01045551646
01045546019
01045543497
01045536235
01045535240
01045531812
01045531315
01045525326
01045520811
01045516411
01045515774
01045509591
01045500564
01045498842
01045494176
01045469055
01045467531
01045465433
01045460654
01045458528
01045456543
01045450000
01045447210
01045446668
01045445874
01045442307
01045442174
01045440152
01045439808
01045435949
01045433546
01045428159
01045424185
01045415294
01045412914
01045399586
01045398896
01045396657
01045396359
01045385406
01045375964
01045375444
01045375115
01045371393
01045370665
01045369284
01045368279
01045363335
01045361541
01045360509
01045351819
01045342002
01045335231
01045321644
01045291776
01045286147
01045285399
01045282889
01045279195
01045276053
01045273075
01045271129
01045265458
01045265073
01045263646
01045263126
01045262092
01045260628
01045248215
01045242075
01045235183
01045225883
01045220033
01045219952
01045215560
01045215309
01045213013
01045210419
01045208618
01045203789
01045198524
01045198004
01045191471
01045181019
01045175670
01045173316
01045172905
01045171255
01045166230
01045159706
01045145650
01045137406
01045136220
01045127536
01045119269
01045116363
01045109380
01045107195
01045104583
01045099863
01045092630
01045079403
01045068193
01045060783
01045035712
01045031966
01045030407
01045027980
01045018239
01045011454
01045010884
01045007847
01045006717
01045004813
01045002301
01045001337
01045000997
01044999897
01044990783
01044979702
01044975258
01044970219
01044970121
01044966939
01044965142
01044964369
01044964229
01044963009
01044954239
01044952579
01044949292
01044948809
01044948045
01044928285
01044920095
01044919986
01044911253
01044905090
01044891866
01044890821
01044888441
01044886511
01044884431
01044882655
01044882383
01044882289
01044879880
01044871377
01044854541
01044849302
01044845049
01044843887
01044843351
01044841257
01044824515
01044811991
01044795200
01044782250
01044775112
01044771984
01044770238
01044751708
01044742226
01044738697
01044733500
01044714688
01044706132
01044683325
01044675616
01044672345
01044666954
01044665561
01044662930
01044654982
01044652378
01044649150
01044646104
01044632990
01044620932
01044617110
01044609080
01044608560
01044599055
01044596643
01044593333
01044591358
01044591256
01044582922
01044571993
01044566613
01044560041
01044558506
01044540959
01044533447
01044512258
01044509614
01044506233
01044502101
01044499020
01044493981
01044475310
01044469392
01044467363
01044466513
01044464691
01044460014
01044457292
01044455759
01044455002
01044452751
01044452644
01044450854
01044450737
01044449874
01044449104
01044446965
01044446296
01044445483
01044444444
01044444185
01044443281
01044442902
01044442593
01044441974
01044441093
01044440499
01044440140
01044437306
01044436967
01044433127
01044429492
01044427506
01044422940
01044422479
01044417543
01044417480
01044417352
01044417035
01044416976
01044400148
01044394142
01044383879
01044360600
01044352567
01044352205
01044342668
01044340345
01044332085
01044326778
01044323249
01044307735
01044307616
01044302209
01044296482
01044294403
01044282805
01044282491
01044279336
01044267748
01044261404
01044254648
01044252811
01044246266
01044245279
01044240724
01044237950
01044231767
01044229936
01044228072
01044226699
01044224044
01044220846
01044220518
01044213124
01044206916
01044187011
01044173389
01044173294
01044167884
01044166065
01044165777
01044164525
01044160832
01044158301
01044157027
01044151514
01044148256
01044129663
01044124363
01044123389
01044122455
01044119423
01044114827
01044110492
01044108698
01044081000
01044078565
01044078221
01044074007
01044072009
01044063253
01044062325
01044056918
01044052205
01044044486
01044040973
01044037768
01044036564
01044034326
01044016634
01044012741
01044012400
01044011522
01044009534
01044005683
01044003045
01043999854
01043994874
01043992099
01043981115
01043973310
01043970078
01043952288
01043935111
01043924344
01043888806
01043885506
01043865575
01043849660
01043826866
01043820467
01043770185
01043750627
01043748786
01043736634
01043734312
01043714785
01043694306
01043693600
01043685488
01043680025
01043660039
01043651865
01043650976
01043644885
01043638766
01043588252
01043582653
01043560789
01043558124
01043552955
01043541257
01043540601
01043532514
01043526656
01043525260
01043504900
01043474149
01043464333
01043455152
01043446377
01043440411
01043439955
01043416554
01043415100
01043404351
01043396007
01043392508
01043390809
01043370228
01043369422
01043359654
01043358010
01043351278
01043349895
01043348072
01043347454
01043344324
01043342161
01043333371
01043331779
01043331251
01043329751
01043327463
01043326302
01043319054
01043304678
01043290809
01043288562
01043262581
01043252554
01043250166
01043246113
01043244401
01043232273
01043218413
01043215440
01043211271
01043211072
01043210136
01043210071
01043209975
01043204978
01043202983
01043188890
01043165326
01043128777
01043127543
01043124524
01043114884
01043113086
01043090134
01043089112
01043088290
01043076663
01043071220
01043064556
01043060855
01043051138
01043041400
01043040924
01043027230
01043007615
01043006236
01043006193
01043003988
01043002092
01042997472
01042997460
01042995464
01042993195
01042992815
01042991613
01042990970
01042990850
01042990218
01042985070
01042984222
01042976659
01042971523
01042953692
01042942822
01042932715
01042931760
01042926445
01042925528
01042913592
01042913359
01042908337
01042890406
01042888833
01042888612
01042881203
01042859411
01042854351
01042851033
01042825658
01042822416
01042821996
01042810765
01042786885
01042785110
01042774859
01042770427
01042762377
01042755658
01042753632
01042751598
01042740515
01042740421
01042727290
01042725024
01042717377
01042713599
01042689955
01042688869
01042688785
01042678668
01042668867
01042640458
01042613065
01042606356
01042587963
01042540908
01042535545
01042526752
01042525879
01042520440
01042486487
01042484884
01042476384
01042473939
01042469891
01042460922
01042451397
01042447300
01042445818
01042444530
01042443029
01042433348
01042424469
01042420576
01042415517
01042413758
01042401225
01042400322
01042393747
01042390908
01042390320
01042376886
01042374353
01042373346
01042372989
01042372537
01042352404
01042350242
01042334571
01042331931
01042331416
01042330470
01042314174
01042294248
01042291655
01042289805
01042288486
01042285019
01042281498
01042280083
01042277548
01042272939
01042266065
01042263711
01042260140
01042258666
01042250454
01042246826
01042246655
01042240900
01042233706
01042232363
01042227320
01042216443
01042213650
01042211289
01042204263
01042194249
01042191907
01042183335
01042180423
01042160392
01042146750
01042143042
01042133777
01042129110
01042119986
01042115698
01042103912
01042102356
01042098866
01042091900
01042086011
01042064219
01042063060
01042041781
01042028714
01042027688
01042024609
01042021570
01042020712
01042011119
01042005160
01042002796
01041993741
01041990205
01041986666
01041980222
01041978636
01041976630
01041975359
01041973984
01041972579
01041970012
01041962523
01041960699
01041960580
01041950174
01041949938
01041949584
01041942948
01041942635
01041942305
01041941904
01041938904
01041938633
01041935666
01041925363
01041923711
01041917485
01041915881
01041910997
01041905271
01041902573
01041901836
01041901641
01041900265
01041899025
01041888963
01041888190
01041887805
01041885351
01041877608
01041873560
01041868983
01041863491
01041863286
01041857012
01041844163
01041841739
01041835881
01041831757
01041830562
01041830416
01041827446
01041824725
01041824114
01041823716
01041819343
01041818952
01041818547
01041810947
01041805421
01041801007
01041795616
01041788657
01041785850
01041784711
01041781919
01041776062
01041760943
01041760277
01041758703
01041757839
01041756775
01041755439
01041751023
01041750999
01041747010
01041745875
01041739365
01041735823
01041727162
01041720760
01041720346
01041713351
01041711554
01041705581
01041701843
01041695834
01041694529
01041693216
01041686700
01041685029
01041671183
01041666420
01041664417
01041664213
01041662455
01041661949
01041660656
01041657008
01041652676
01041651140
01041650837
01041646612
01041642938
01041642498
01041635995
01041635330
01041632041
01041631342
01041630240
01041628062
01041627825
01041621486
01041620640
01041619481
01041617764
01041608817
01041607666
01041604481
01041591533
01041590701
01041585517
01041580956
01041578271
01041577563
01041577514
01041572715
01041571897
01041571833
01041560048
01041553580
01041553034
01041552464
01041550814
01041543128
01041541707
01041538088
01041535292
01041533254
01041532666
01041532303
01041521633
01041514265
01041513702
01041512075
01041503004
01041501560
01041500894
01041491540
01041486574
01041485954
01041482097
01041472780
01041466921
01041464937
01041464538
01041457276
01041455926
01041450897
01041449102
01041445623
01041445582
01041444558
01041444480
01041441734
01041436485
01041435185
01041432422
01041432252
01041430048
01041427079
01041425207
01041414930
01041409041
01041405368
01041401481
01041400505
01041400137
01041393769
01041389082
01041380093
01041378498
01041375402
01041373118
01041370572
01041369929
01041369562
01041363862
01041361803
01041357600
01041356940
01041346045
01041342528
01041340241
01041337634
01041337516
01041335822
01041333879
01041325662
01041323673
01041322456
01041321449
01041316641
01041311474
01041300114
01041295044
01041283163
01041282151
01041281221
01041277560
01041274837
01041270117
01041268297
01041267649
01041265447
01041254427
01041246542
01041245656
01041243575
01041240162
01041236947
01041234788
01041232913
01041231982
01041230723
01041229163
01041227529
01041227135
01041221764
01041220084
01041219984
01041219405
01041214263
01041209290
01041207552
01041206913
01041205056
01041203202
01041202183
01041201442
01041198377
01041188799
01041188678
01041188418
01041181235
01041175147
01041165924
01041158908
01041156576
01041154460
01041144010
01041130494
01041129602
01041127604
01041125113
01041119100
01041117008
01041116334
01041115413
01041107731
01041103565
01041095519
01041084842
01041076456
01041076386
01041075383
01041072420
01041065972
01041063541
01041062476
01041061116
01041060611
01041059295
01041058029
01041036301
01041027116
01041026888
01041025128
01041017364
01041016133
01041014068
01041013119
01041013031
01041009031
01041006064
01041006022
01041002934
01040994144
01040993540
01040985447
01040983521
01040981677
01040981151
01040974614
01040974211
01040973818
01040969003
01040968783
01040967120
01040965869
01040965066
01040964753
01040964306
01040960959
01040957597
01040955037
01040951183
01040949670
01040945655
01040945552
01040936776
01040935194
01040926821
01040926589
01040923435
01040920422
01040901633
01040901185
01040900884
01040897358
01040891813
01040885343
01040877708
01040876710
01040871720
01040862945
01040859207
01040853904
01040850223
01040846672
01040845464
01040843745
01040843458
01040842512
01040842027
01040841291
01040840782
01040840571
01040837783
01040834862
01040825473
01040823925
01040817548
01040816848
01040812432
01040806349
01040804834
01040804749
01040803482
01040800046
01040799807
01040794916
01040793856
01040789618
01040785361
01040783340
01040782370
01040782347
01040781259
01040779506
01040778049
01040775108
01040764482
01040763091
01040751005
01040749565
01040743222
01040741029
01040732496
01040731121
01040731118
01040730827
01040727945
01040721255
01040719562
01040713166
01040712944
01040708262
01040701881
01040699762
01040699499
01040697627
01040692451
01040688727
01040687180
01040685487
01040683933
01040681058
01040680842
01040678974
01040678973
01040677796
01040674142
01040673044
01040671115
01040669939
01040667572
01040666284
01040665331
01040663017
01040660558
01040659768
01040655630
01040651478
01040645416
01040627166
01040624704
01040589292
01040588165
01040586602
01040582757
01040578756
01040577635
01040572322
01040571740
01040565728
01040562825
01040559881
01040557818
01040555743
01040555174
01040554384
01040546790
01040544172
01040539207
01040526176
01040523406
01040523347
01040522721
01040520912
01040520757
01040520163
01040513788
01040507424
01040503970
01040502669
01040501101
01040494944
01040489522
01040487488
01040485986
01040480242
01040477755
01040469839
01040468609
01040467846
01040467793
01040466682
01040462652
01040461580
01040456798
01040455863
01040451461
01040447795
01040447790
01040443636
01040441616
01040441491
01040440766
01040435700
01040432472
01040427220
01040426889
01040423712
01040420654
01040418131
01040416294
01040414836
01040414139
01040409484
01040407652
01040404481
01040403218
01040397935
01040391414
01040388974
01040385729
01040385482
01040379204
01040372768
01040368245
01040367657
01040365676
01040360314
01040356253
01040349658
01040343969
01040341098
01040326449
01040324388
01040321373
01040320795
01040305727
01040305594
01040303839
01040298340
01040295034
01040293593
01040289776
01040289665
01040284506
01040280888
01040278861
01040277473
01040270867
01040267090
01040266288
01040263228
01040260417
01040255226
01040248574
01040238738
01040233341
01040232581
01040230307
01040221700
01040221114
01040216682
01040213318
01040209915
01040209584
01040208929
01040206696
01040205030
01040197695
01040184492
01040184420
01040183752
01040183639
01040181042
01040179200
01040176629
01040176182
01040170027
01040169597
01040157731
01040157119
01040156807
01040154139
01040151544
01040150221
01040145028
01040143479
01040141177
01040132684
01040114539
01040109278
01040107301
01040086315
01040085010
01040083837
01040073879
01040071445
01040067933
01040064303
01040059916
01040059766
01040058228
01040056988
01040050122
01040048935
01040046648
01040046360
01040042822
01040041450
01040039970
01040039131
01040038695
01040038220
01040035034
01040034862
01040032050
01040029363
01040025403
01040020497
01040019002
01040016461
01040012143
01040012037
01040008840
01040008739
01040007575
01040004963
01040001186
01039999954
01039999793
01039998458
01039992135
01039991866
01039975344
01039972946
01039967571
01039962841
01039948654
01039948194
01039948113
01039944963
01039944370
01039935882
01039934468
01039933991
01039933959
01039933881
01039932878
01039825084
01039814776
01039812928
01039807984
01039807259
01039803929
01039803071
01039800625
01039779108
01039775036
01039769003
01039768391
01039767210
01039762324
01039761455
01039756050
01039754713
01039753027
01039751492
01039746761
01039746224
01039728734
01039727958
01039683859
01039676639
01039670826
01039591411
01039589803
01039589116
01039588893
01039588779
01039587332
01039574822
01039573465
01039569484
01039568333
01039564860
01039562928
01039562308
01039560655
01039560336
01039560084
01039557405
01039557284
01039554768
01039553743
01039551725
01039548426
01039547227
01039546645
01039541422
01039540663
01039538998
01039534861
01039533957
01039527773
01039527148
01039524560
01039520811
01039508924
01039508167
01039506066
01039505815
01039504613
01039503067
01039501164
01039495822
01039495775
01039494338
01039493723
01039492330
01039486876
01039485535
01039475984
01039475685
01039473060
01039467586
01039465499
01039464186
01039461529
01039454637
01039453201
01039452446
01039444638
01039442696
01039439888
01039438301
01039436766
01039436750
01039436221
01039435111
01039431699
01039428631
01039421487
01039420692
01039419555
01039419024
01039418966
01039409279
01039408707
01039400332
01039397678
01039396929
01039393256
01039392538
01039390750
01039390324
01039388249
01039386499
01039386366
01039386245
01039381310
01039380638
01039376130
01039368958
01039367306
01039366157
01039361789
01039360253
01039359519
01039353312
01039349546
01039346588
01039345646
01039342644
01039339195
01039336832
01039332812
01039332008
01039329201
01039328729
01039327860
01039326147
01039325613
01039318479
01039317882
01039315963
01039315724
01039305440
01039304796
01039300757
01039293114
01039292987
01039290894
01039288149
01039281861
01039280214
01039275045
01039274005
01039268749
01039263772
01039263708
01039261733
01039258504
01039256859
01039254066
01039252606
01039244453
01039244142
01039241112
01039237382
01039237081
01039235165
01039234484
01039232663
01039231645
01039229761
01039227879
01039223958
01039216655
01039213254
01039211660
01039205242
01039204670
01039203693
01039195654
01039186639
01039186477
01039182704
01039177387
01039175560
01039175424
01039174663
01039173497
01039172575
01039170956
01039160214
01039159694
01039152080
01039151112
01039149983
01039149019
01039142845
01039142786
01039142250
01039141441
01039139434
01039136339
01039136316
01039130740
01039128661
01039121325
01039120573
01039113076
01039110750
01039108311
01039105746
01039104769
01039103494
01039092966
01039082701
01039082221
01039073539
01039071827
01039066874
01039056554
01039055218
01039051440
01039051228
01039050243
01039050197
01039044454
01039043590
01039043219
01039043050
01039040854
01039037732
01039034708
01039031921
01039022744
01039021775
01039020937
01039020845
01039015136
01039012382
01039011824
01039010825
01039008173
01039007931
01039007771
01039006991
01039006554
01039005731
01039004952
01039003395
01039002642
01039002121
01039001795
01038999361
01038990284
01038989440
01038967305
01038964725
01038962234
01038961072
01038950605
01038949039
01038938186
01038931800
01038925797
01038902846
01038895516
01038894303
01038892782
01038889993
01038889740
01038887464
01038872454
01038871654
01038861782
¤»
01038842183
01038840906
01038829661
01038820335
01038816921
01038799404
01038786658
01038786623
01038783314
01038777174
01038772542
01038771308
01038768285
01038754543
01038750667
01038749917
01038744236
01038739431
01038720252
01038714444
01038710240
01038700341
01038685153
01038665835
01038665818
01038639940
01038632470
01038619491
01038609806
01038599683
01038597748
01038596874
01038593308
01038590711
01038588480
01038583360
01038583260
01038579630
01038563391
01038555667
01038548082
01038541911
01038538820
01038530610
01038530266
01038520716
01038504103
01038502912
01038502319
01038491958
01038484244
01038482117
01038472937
01038460531
01038440235
01038436516
01038431844
01038430529
01038420529
01038401065
01038393661
01038384345
01038383927
01038376443
01038375519
01038367204
01038365394
01038363912
01038363062
01038362743
01038360428
01038357336
01038341892
01038337001
01038332920
01038322129
01038313014
01038311779
01038306164
01038303788
01038296017
01038294220
01038285864
01038278027
01038272982
01038270417
01038265540
01038260037
01038256490
01038242726
01038239734
01038236848
01038232766
01038221246
01038218280
01038189625
01038187736
01038168268
01038144120
01038123552
01038119519
01038117637
01038097476
01038087377
01038086826
01038083770
01038081419
01038055869
01038051757
01038037281
01038036830
01038033061
01038028327
01038025644
01038019872
01038014941
01038011877
01038007442
01038003655
01037999258
01037955094
01037944200
01037934192
01037922996
01037918472
01037913368
01037910877
01037904933
01037902859
01037895978
01037889427
01037868024
01037854463
01037849022
01037842219
01037839044
01037832210
01037830216
01037829192
01037823297
01037819554
01037816158
01037805324
01037798396
01037793937
01037793274
01037792120
01037788835
01037785907
01037778498
01037772713
01037759433
01037744605
01037734025
01037731413
01037718408
01037707220
01037704326
01037672807
01037672344
01037669483
01037648349
01037588695
01037588549
01037572944
01037559588
01037547960
01037536686
01037513394
01037508662
01037508073
01037504801
01037493761
01037451471
01037445551
01037435007
01037433133
01037430718
01037427006
01037417670
01037416123
01037406084
01037402999
01037393569
01037382360
01037380677
01037374728
01037372716
01037367370
01037327585
01037327265
01037323617
01037319804
01037303113
01037292754
01037280678
01037256040
01037237999
01037236505
01037223172
01037199487
01037197231
01037197196
01037196143
01037195979
01037183774
01037159694
01037143747
01037128836
01037116437
01037108416
01037106166
01037105312
01037102482
01037080710
01037080693
01037080369
01037075519
01037068275
01037055593
01037054042
01037050376
01037043795
01037026662
01037022249
01037006577
01037004734
01036998784
01036995809
01036991774
01036991239
01036986177
01036966059
01036955077
01036948971
01036939715
01036932060
01036929875
01036929180
01036926676
01036903332
01036896281
01036895247
01036887894
01036883356
01036882349
01036874904
01036873332
01036833649
01036827828
01036826711
01036815450
01036795139
01036794914
01036792985
01036778446
01036774712
01036767706
01036766659
01036755370
01036751316
01036747067
01036742841
01036741570
01036728491
01036727341
01036718607
01036715498
01036704725
01036699503
01036695189
01036690694
01036682201
01036675997
01036642078
01036638737
01036637782
01036631590
01036626987
01036616448
01036607965
01036600409
01036596763
01036592201
01036570759
01036567700
01036564774
01036563172
01036544822
01036542549
01036529035
01036518906
01036510556
01036505841
01036504200
01036485471
01036481821
01036475764
01036471526
01036469929
01036453141
01036448580
01036437535
01036432301
01036429642
01036429590
01036425045
01036419532
01036418281
01036412052
01036411041
01036405597
01036404375
01036403756
01036393324
01036379543
01036375014
01036373584
01036365454
01036362454
01036359863
01036354149
01036351229
01036349158
01036340939
01036333201
01036331608
01036327489
01036327188
01036325904
01036310552
01036309461
01036302180
01036299857
01036284726
01036282814
01036280440
01036279642
01036260901
01036259079
01036250553
01036244956
01036240072
01036229179
01036218121
01036215467
01036211892
01036205121
01036204831
01036199895
01036199411
01036192014
01036189193
01036181811
01036174444
01036163446
01036159127
01036152790
01036135852
01036104705
01036089719
01036080049
01036062196
01036061390
01036053409
01036039038
01036036248
01036027526
01036021338
01036019572
01036018279
01036007517
01036004745
01036001802
01035996807
01035995692
01035983178
01035976680
01035950718
01035944339
01035943289
01035941999
01035940329
01035930826
01035924937
01035907005
01035900877
01035895381
01035889223
01035872441
01035866439
01035864003
01035850828
01035826061
01035822226
01035820993
01035816313
01035814759
01035803446
01035794387
01035781587
01035781316
01035775874
01035769510
01035765936
01035758084
01035755716
01035745348
01035732407
01035729859
01035728467
01035725066
01035720430
01035716491
01035713870
01035711355
01035695743
01035694417
01035686605
01035683221
01035681788
01035675871
01035662189
01035655458
01035653842
01035640491
01035638313
01035625954
01035621977
01035621126
01035614336
01035608525
01035606796
01035598098
01035592036
01035587163
01035581642
01035580068
01035575123
01035571681
01035565363
01035564650
01035557055
01035553891
01035500809
01035496012
01035481611
01035480728
01035472259
01035460455
01035455835
01035452589
01035447722
01035436640
01035426254
01035416453
01035412350
01035401919
01035390169
01035385058
01035383920
01035381677
01035374687
01035371793
01035353082
01035350294
01035348393
01035344363
01035343069
01035339652
01035330933
01035322027
01035298769
01035291927
01035284081
01035268935
01035258251
01035244217
01035243715
01035237562
01035236466
01035231123
01035227785
01035208405
01035188966
01035155587
01035153391
01035135784
01035130661
01035122883
01035116665
01035114392
01035113156
01035112511
01035110255
01035094529
01035084114
01035082364
01035079352
01035077820
01035077542
01035072781
01035062878
01035062121
01035054250
01035025821
01035024544
01035007986
01035006171
01035002655
01035002366
01034983707
01034957310
01034948484
01034944004
01034940197
01034930482
01034929856
01034923719
01034921346
01034919831
01034904223
01034902234
01034892177
01034891122
01034888778
01034883111
01034882393
01034881427
01034853025
01034852058
01034851302
01034848247
01034833036
01034823005
01034800814
01034793654
01034782628
01034781282
01034779590
01034770656
01034762055
01034759982
01034759007
01034753066
01034751918
01034742057
01034740745
01034737479
01034734525
01034726428
01034724613
01034696974
01034690108
01034686909
01034684862
01034678535
01034676875
01034668191
01034642910
01034637665
01034620213
01034603073
01034601768
01034598095
01034595507
01034588385
01034564371
01034561728
01034515386
01034501577
01034498996
01034492583
01034491632
01034487754
01034485840
01034481068
01034477987
01034475746
01034470318
01034465746
01034462436
01034444257
01034440444
01034436921
01034423262
01034422754
01034413160
01034413033
01034412112
01034407895
01034405443
01034392884
01034381344
01034374334
01034371550
01034368508
01034361266
01034358883
01034358820
01034352842
01034347978
01034344369
01034344179
01034341568
01034329787
01034329300
01034325877
01034322955
01034289079
01034270779
01034263307
01034258818
01034252287
01034240385
01034240136
01034238050
01034227544
01034227213
01034209098
01034201552
01034154885
01034147724
01034144425
01034129608
01034122157
01034114779
01034111874
01034103391
01034081334
01034068839
01034068289
01034060726
01034051038
01034049819
01034041224
01034040532
01034014475
01034014179
01034011101
01034007650
01034003828
01034000795
01034000287
01033987374
01033985514
01033983648
01033981139
01033976586
01033972263
01033965900
01033962101
01033961046
01033959643
01033956582
01033955693
01033952863
01033951891
01033950659
01033949467
01033944613
01033944476
01033944471
01033938292
01033937888
01033934438
01033931823
01033926952
01033921927
01033920310
01033918398
01033917482
01033914725
01033911975
01033909467
01033900882
01033898046
01033894345
01033893096
01033888555
01033885655
01033872077
01033869559
01033854227
01033847059
01033844587
01033841083
01033839825
01033828966
01033826803
01033825265
01033824296
01033815265
01033813673
01033812797
01033812534
01033803746
01033795539
01033790420
01033788567
01033788289
01033783243
01033779624
01033777673
01033774824
01033771003
01033762986
01033757890
01033755922
01033752751
01033749411
01033744788
01033739343
01033730563
01033730358
01033730190
01033727299
01033722973
01033721515
01033710685
01033702597
01033702391
01033702261
01033701834
01033700985
01033700039
01033699515
01033699206
01033697549
01033696929
01033691835
01033685478
01033685467
01033681352
01033674475
01033672040
01033666487
01033659874
01033654672
01033635997
01033627713
01033624962
01033623151
01033617996
01033613756
01033613146
01033602230
01033601325
01033601029
01033599296
01033585140
01033584524
01033577692
01033573653
01033572096
01033571439
01033570994
01033567367
01033566904
01033562765
01033561822
01033548576
01033542855
01033535274
01033533507
01033531999
01033531579
01033521919
01033518955
01033517685
01033502858
01033500683
01033497042
01033494684
01033494367
01033487897
01033475907
01033473933
01033467586
01033466733
01033458429
01033453644
01033449692
01033449637
01033444348
01033436044
01033434165
01033432753
01033431876
01033426415
01033424596
01033424434
01033415884
01033413430
01033399226
01033397240
01033394708
01033394492
01033389228
01033386408
01033385776
01033384803
01033375427
01033368848
01033366357
01033364146
01033360031
01033358745
01033355028
01033353163
01033352627
01033350634
01033338143
01033333989
01033330949
01033323906
01033313285
01033306393
01033305665
01033304214
01033301845
01033297734
01033288151
01033285847
01033277928
01033275608
01033274870
01033267630
01033257980
01033253942
01033241302
01033235556
01033223368
01033223276
01033221961
01033217773
01033216739
01033215247
01033215082
01033212262
01033199649
01033197544
01033196315
01033188555
01033181774
01033174754
01033174239
01033172786
01033169549
01033166718
01033152432
01033149696
01033145376
01033145087
01033144555
01033144548
01033144411
01033143688
01033143395
01033140552
01033140081
01033137783
01033132362
01033128993
01033122567
01033112737
01033100117
01033095905
01033092728
01033088078
01033087622
01033085550
01033084414
01033072851
01033064914
01033063168
01033036094
01033022801
01033021509
01033021296
01033020806
01033018714
01033011622
01033001112
01033000275
01032997658
01032952883
01032932626
01032928741
01032923153
01032922812
01032921918
01032910420
01032886841
01032880288
01032861675
01032860403
01032857762
01032853438
01032850224
01032823126
01032806771
01032784860
01032784195
01032781901
01032741726
01032738433
01032736276
01032735266
01032730704
01032728596
01032720568
01032715553
01032714331
01032707406
01032702222
01032660272
01032659085
01032653265
01032652295
01032651601
01032646321
01032591502
01032587980
01032585333
01032577285
01032575735
01032572599
01032555533
01032550356
01032531556
01032526515
01032511820
01032510922
01032493398
01032481301
01032467912
01032453810
01032452868
01032451838
01032447440
01032445658
01032438600
01032434660
01032430657
01032427753
01032427537
01032426350
01032425213
01032421828
01032411327
01032403459
01032402239
01032396524
01032390276
01032387133
01032386443
01032382066
01032373719
01032370250
01032368558
01032365478
01032361692
01032357012
01032352541
01032346202
01032338770
01032337493
01032337405
01032337126
01032334316
01032323222
01032319784
01032315989
01032310211
01032298753
01032291546
01032290924
01032287883
01032286446
01032276416
01032273101
01032270364
01032268756
01032263597
01032262063
01032259428
01032257555
01032252814
01032247567
01032247154
01032244335
01032243749
01032241609
01032237775
01032233105
01032226633
01032226251
01032216739
01032214595
01032208610
01032205896
01032200446
01032180792
01032150940
01032150042
01032126726
01032122163
01032121505
01032110568
01032103218
01032103210
01032089880
01032086072
01032084465
01032083733
01032074331
01032072652
01032066622
01032057330
01032056488
01032045800
01032037715
01032036376
01032036368
01032030322
01032025767
01032024245
01032022732
01032020811
01032020644
01032012246
01031999648
01031999471
01031997503
01031980470
01031942245
01031937349
01031932345
01031915870
01031910529
01031906286
01031906041
01031901506
01031897485
01031893133
01031889517
01031875927
01031827154
01031823351
01031813532
01031809989
01031803551
01031802804
01031800128
01031794059
01031793219
01031792487
01031791720
01031778724
01031775581
01031773185
01031771155
01031769089
01031765943
